time	V(n002)	I(R2)
0.000000000000000e+000	0.000000e+000	0.000000e+000
4.571428442139744e-009	1.168981e-006	-1.335876e-009
9.142856884279487e-009	2.403999e-006	-2.341570e-009
1.371428532641923e-008	3.705053e-006	-3.017084e-009
1.828571376855898e-008	5.072143e-006	-3.362416e-009
2.285714221069872e-008	6.505269e-006	-3.377567e-009
2.742857065283846e-008	8.004432e-006	-3.062538e-009
3.199999909497819e-008	9.569630e-006	-2.417327e-009
1.669339558877588e-005	5.243791e-003	-3.000334e-009
3.335479117845679e-005	1.047799e-002	-3.599365e-009
5.001618676813769e-005	1.571216e-002	-4.214421e-009
6.667758235781860e-005	2.094630e-002	-4.845500e-009
8.333897794749951e-005	2.618042e-002	-5.492602e-009
1.000003735371804e-004	3.141451e-002	-6.155729e-009
1.166617691268613e-004	3.664858e-002	-6.834880e-009
1.736112556529673e-004	5.453839e-002	-9.428103e-009
2.451909758972298e-004	7.702287e-002	-1.322669e-008
3.285593786531480e-004	1.032080e-001	-1.816724e-008
4.416077610725248e-004	1.387093e-001	-2.455697e-008
6.321997063998875e-004	1.985449e-001	-3.250867e-008
8.377878283460468e-004	2.630599e-001	-3.726875e-008
1.246991544599377e-003	3.913276e-001	-4.287669e-008
1.448476898348370e-003	4.543974e-001	-5.349368e-008
1.630475708779853e-003	5.112978e-001	-8.696271e-008
1.829477518508129e-003	5.734219e-001	-1.869940e-007
2.034498615249987e-003	6.372966e-001	-4.540476e-007
2.265234455431187e-003	7.088086e-001	-1.792352e-006
2.726706135793588e-003	8.501865e-001	-1.072545e-005
3.000879347818266e-003	9.315704e-001	-2.774701e-005
3.231184275804507e-003	9.952983e-001	-6.397862e-005
3.464073189045581e-003	1.052295e+000	-1.367164e-004
3.705295016197662e-003	1.100511e+000	-2.648186e-004
4.035196009140540e-003	1.149276e+000	-5.233890e-004
4.523477259140540e-003	1.199627e+000	-1.010494e-003
4.985044232197891e-003	1.232612e+000	-1.538301e-003
5.473325482197891e-003	1.257551e+000	-2.139273e-003
6.449887982197891e-003	1.292169e+000	-3.393242e-003
7.914731732197890e-003	1.325579e+000	-5.295597e-003
9.379575482197890e-003	1.348388e+000	-7.150020e-003
1.084441923219789e-002	1.365404e+000	-8.915815e-003
1.230926298219789e-002	1.378695e+000	-1.056696e-002
1.377410673219789e-002	1.389332e+000	-1.208358e-002
1.523895048219789e-002	1.397931e+000	-1.344929e-002
1.670379423219789e-002	1.404876e+000	-1.465026e-002
1.816863798219789e-002	1.410417e+000	-1.567476e-002
1.963348173219789e-002	1.414722e+000	-1.651305e-002
2.109832548219789e-002	1.417905e+000	-1.715730e-002
2.256316923219789e-002	1.420040e+000	-1.760152e-002
2.402801298219789e-002	1.421175e+000	-1.784165e-002
2.549285673219789e-002	1.421334e+000	-1.787547e-002
2.695770048219789e-002	1.420520e+000	-1.770267e-002
2.842254423219789e-002	1.418715e+000	-1.732485e-002
2.988738798219789e-002	1.415882e+000	-1.674546e-002
3.135223173219789e-002	1.411955e+000	-1.596987e-002
3.281707548219789e-002	1.406834e+000	-1.500529e-002
3.428191923219789e-002	1.400370e+000	-1.386085e-002
3.574676298219789e-002	1.392347e+000	-1.254761e-002
3.721160673219789e-002	1.382430e+000	-1.107869e-002
3.867645048219789e-002	1.370096e+000	-9.469556e-003
4.014129423219789e-002	1.354460e+000	-7.738780e-003
4.160613798219789e-002	1.333881e+000	-5.909885e-003
4.258270048219789e-002	1.315822e+000	-4.652112e-003
4.307098173219789e-002	1.304805e+000	-4.016985e-003
4.355926298219789e-002	1.291907e+000	-3.381344e-003
4.404754423219789e-002	1.276417e+000	-2.749400e-003
4.453582548219789e-002	1.257146e+000	-2.127771e-003
4.502410673219789e-002	1.231912e+000	-1.528033e-003
4.551238798219789e-002	1.196312e+000	-9.728909e-004
4.600066923219789e-002	1.143803e+000	-4.961181e-004
4.636287836481298e-002	1.086263e+000	-2.316501e-004
4.666526101754220e-002	1.019939e+000	-9.973889e-005
4.700071345086807e-002	9.311416e-001	-2.749128e-005
4.714785334384465e-002	8.885642e-001	-1.327280e-005
4.731241201641136e-002	8.389535e-001	-6.736816e-006
4.747918018183003e-002	7.879197e-001	-3.410491e-006
4.771284618228062e-002	7.157704e-001	-1.289381e-006
4.790388740773265e-002	6.564774e-001	-5.297514e-007
4.812967828989504e-002	5.861578e-001	-1.909525e-007
4.837069978059327e-002	5.108986e-001	-5.929810e-008
4.885274276198972e-002	3.600281e-001	1.113093e-008
4.934102401198972e-002	2.069214e-001	2.899842e-008
4.982930526198972e-002	5.361826e-002	3.287349e-008
5.031758651198972e-002	-9.973555e-002	3.550312e-008
5.080586776198972e-002	-2.529954e-001	3.861341e-008
5.129414901198972e-002	-4.060596e-001	4.834182e-008
5.157365844539390e-002	-4.935210e-001	8.371816e-008
5.184219547560744e-002	-5.773658e-001	2.233560e-007
5.210887432767068e-002	-6.604057e-001	6.748614e-007
5.236636995242391e-002	-7.401404e-001	2.362977e-006
5.272279623528844e-002	-8.491895e-001	9.794131e-006
5.298265100686214e-002	-9.263979e-001	2.550296e-005
5.320823423320139e-002	-9.892827e-001	5.875187e-005
5.343863774142586e-002	-1.046548e+000	1.264454e-004
5.367703369371371e-002	-1.095498e+000	2.467096e-004
5.398899504146757e-002	-1.143290e+000	4.831076e-004
5.447727629146757e-002	-1.195616e+000	9.608855e-004
5.493532102705016e-002	-1.229617e+000	1.478965e-003
5.542360227705016e-002	-1.255316e+000	2.076895e-003
5.640016477705016e-002	-1.290730e+000	3.328626e-003
5.786500852705016e-002	-1.324660e+000	5.231504e-003
5.932985227705016e-002	-1.347725e+000	7.088352e-003
6.079469602705016e-002	-1.364895e+000	8.857630e-003
6.225953977705016e-002	-1.378292e+000	1.051302e-002
6.372438352705015e-002	-1.389007e+000	1.203449e-002
6.518922727705015e-002	-1.397668e+000	1.340556e-002
6.665407102705015e-002	-1.404664e+000	1.461232e-002
6.811891477705015e-002	-1.410250e+000	1.564298e-002
6.958375852705015e-002	-1.414595e+000	1.648774e-002
7.104860227705015e-002	-1.417814e+000	1.713868e-002
7.251344602705015e-002	-1.419984e+000	1.758977e-002
7.397828977705015e-002	-1.421152e+000	1.783687e-002
7.544313352705015e-002	-1.421344e+000	1.787771e-002
7.690797727705015e-002	-1.420563e+000	1.771191e-002
7.837282102705015e-002	-1.418793e+000	1.734100e-002
7.983766477705015e-002	-1.415996e+000	1.676838e-002
8.130250852705015e-002	-1.412107e+000	1.599934e-002
8.276735227705015e-002	-1.407028e+000	1.504104e-002
8.423219602705015e-002	-1.400614e+000	1.390254e-002
8.569703977705015e-002	-1.392648e+000	1.259482e-002
8.716188352705015e-002	-1.382803e+000	1.113094e-002
8.862672727705015e-002	-1.370563e+000	9.526286e-003
9.009157102705015e-002	-1.355060e+000	7.799291e-003
9.155641477705015e-002	-1.334690e+000	5.973256e-003
9.302125852705015e-002	-1.306004e+000	4.081742e-003
9.399782102705015e-002	-1.278142e+000	2.813419e-003
9.448610227705015e-002	-1.259332e+000	2.190326e-003
9.497438352705015e-002	-1.234854e+000	1.587584e-003
9.546266477705015e-002	-1.200624e+000	1.026302e-003
9.595094602705015e-002	-1.150151e+000	5.399207e-004
9.633538565657017e-002	-1.091403e+000	2.479730e-004
9.663089360768633e-002	-1.028353e+000	1.104607e-004
9.696878931727368e-002	-9.403583e-001	3.067241e-005
9.710328336881899e-002	-9.018201e-001	1.586841e-005
9.727581304907181e-002	-8.500204e-001	8.037689e-006
9.746770910473764e-002	-7.914414e-001	3.601205e-006
9.765866858766144e-002	-7.325659e-001	1.550315e-006
9.783821726265014e-002	-6.768940e-001	6.964709e-007
9.804214739221896e-002	-6.134452e-001	2.792295e-007
9.825575665790913e-002	-5.468153e-001	1.023263e-007
9.859525649160129e-002	-4.406686e-001	1.135174e-008
9.908353774160129e-002	-2.876930e-001	-2.350330e-008
9.957181899160129e-002	-1.344754e-001	-3.124421e-008
1.000601002416013e-001	1.886974e-002	-3.412875e-008
1.005483814916013e-001	1.721971e-001	-3.678235e-008
1.010366627416013e-001	3.253617e-001	-4.337637e-008
1.015249439916013e-001	4.782689e-001	-7.845591e-008
1.017895723416085e-001	5.609488e-001	-1.839280e-007
1.020695179445101e-001	6.481187e-001	-7.028642e-007
1.024453393843214e-001	7.643344e-001	-3.826684e-006
1.028230884828235e-001	8.792016e-001	-1.485776e-005
1.030783020371777e-001	9.536484e-001	-3.678152e-005
1.033022692849258e-001	1.013512e+000	-8.220891e-005
1.035523122062071e-001	1.071246e+000	-1.771757e-004
1.038017604774952e-001	1.116333e+000	-3.328669e-004
1.042292861936935e-001	1.171395e+000	-7.071049e-004
1.047175674436935e-001	1.214800e+000	-1.226581e-003
1.052058486936935e-001	1.244742e+000	-1.806691e-003
1.056941299436935e-001	1.266798e+000	-2.418673e-003
1.071589736936935e-001	1.310195e+000	-4.316364e-003
1.079262728008364e-001	1.324685e+000	-5.321774e-003
1.086935719079792e-001	1.337690e+000	-6.301012e-003
1.094608710151221e-001	1.349211e+000	-7.254077e-003
1.102281701222649e-001	1.359247e+000	-8.180971e-003
1.109954692294078e-001	1.367799e+000	-9.081692e-003
1.117627683365507e-001	1.374867e+000	-9.956241e-003
1.125300674436935e-001	1.380450e+000	-1.080462e-002
1.139949111936935e-001	1.390747e+000	-1.229947e-002
1.154597549436935e-001	1.399076e+000	-1.364118e-002
1.169245986936935e-001	1.405796e+000	-1.481624e-002
1.183894424436935e-001	1.411142e+000	-1.581325e-002
1.198542861936935e-001	1.415272e+000	-1.662275e-002
1.213191299436935e-001	1.418292e+000	-1.723718e-002
1.227839736936935e-001	1.420274e+000	-1.765086e-002
1.242488174436935e-001	1.421261e+000	-1.785998e-002
1.257136611936935e-001	1.421273e+000	-1.786263e-002
1.271785049436935e-001	1.420312e+000	-1.765878e-002
1.286433486936935e-001	1.418355e+000	-1.725030e-002
1.301081924436935e-001	1.415362e+000	-1.664095e-002
1.315730361936935e-001	1.411262e+000	-1.583636e-002
1.330378799436935e-001	1.405950e+000	-1.484404e-002
1.345027236936935e-001	1.399267e+000	-1.367341e-002
1.359675674436935e-001	1.390983e+000	-1.233581e-002
1.374324111936935e-001	1.380742e+000	-1.084469e-002
1.388972549436935e-001	1.367980e+000	-9.215944e-003
1.403620986936935e-001	1.351731e+000	-7.468709e-003
1.418269424436935e-001	1.330174e+000	-5.627579e-003
1.432917861936935e-001	1.299240e+000	-3.729393e-003
1.437800674436935e-001	1.285280e+000	-3.094794e-003
1.442683486936935e-001	1.268270e+000	-2.466483e-003
1.447566299436935e-001	1.246664e+000	-1.852860e-003
1.452449111936935e-001	1.217500e+000	-1.269418e-003
1.457331924436935e-001	1.174613e+000	-7.476665e-004
1.462214736936935e-001	1.110929e+000	-3.242038e-004
1.465153215449246e-001	1.054692e+000	-1.560574e-004
1.468814561933658e-001	9.647219e-001	-4.345228e-005
1.470199646195783e-001	9.262776e-001	-2.223613e-005
1.471782704760985e-001	8.794408e-001	-1.185451e-005
1.473526704113617e-001	8.266764e-001	-5.758045e-006
1.475297371936513e-001	7.723653e-001	-2.747188e-006
1.477459763640679e-001	7.055147e-001	-1.079721e-006
1.479236318001613e-001	6.503415e-001	-4.746314e-007
1.481452608863262e-001	5.813012e-001	-1.742522e-007
1.483776926828466e-001	5.087272e-001	-5.186644e-008
1.487593227655198e-001	3.893152e-001	8.697783e-009
1.491884813746098e-001	2.547964e-001	2.712399e-008
1.495990805806282e-001	1.259222e-001	3.154195e-008
1.500873618306282e-001	-2.743208e-002	3.427400e-008
1.505756430806282e-001	-1.807542e-001	3.694151e-008
1.510639243306282e-001	-3.339053e-001	4.447151e-008
1.515522055806282e-001	-4.867879e-001	8.697021e-008
1.518279501240075e-001	-5.729175e-001	2.183053e-007
1.521136901491242e-001	-6.618431e-001	8.541019e-007
1.524896907769954e-001	-7.780033e-001	4.349174e-006
1.528373581609004e-001	-8.835198e-001	1.536712e-005
1.530862174484204e-001	-9.558991e-001	3.773659e-005
1.533090326821466e-001	-1.015257e+000	8.388139e-005
1.535559592615850e-001	-1.072018e+000	1.789000e-004
1.538077775109648e-001	-1.117220e+000	3.375947e-004
1.542435891724016e-001	-1.172858e+000	7.214345e-004
1.547318704224016e-001	-1.215838e+000	1.242871e-003
1.552201516724016e-001	-1.245479e+000	1.824272e-003
1.557084329224016e-001	-1.267362e+000	2.436890e-003
1.566849954224016e-001	-1.298630e+000	3.699161e-003
1.573825400652588e-001	-1.313862e+000	4.617587e-003
1.580800847081159e-001	-1.327526e+000	5.517857e-003
1.587776293509730e-001	-1.339625e+000	6.399972e-003
1.594751739938302e-001	-1.350156e+000	7.263931e-003
1.601727186366873e-001	-1.359121e+000	8.109734e-003
1.608702632795445e-001	-1.366520e+000	8.937382e-003
1.615678079224016e-001	-1.372352e+000	9.746874e-003
1.630326516724016e-001	-1.384234e+000	1.133382e-002
1.644974954224016e-001	-1.393805e+000	1.277779e-002
1.659623391724016e-001	-1.401549e+000	1.406373e-002
1.674271829224016e-001	-1.407776e+000	1.517889e-002
1.688920266724016e-001	-1.412689e+000	1.611254e-002
1.703568704224016e-001	-1.416429e+000	1.685587e-002
1.718217141724016e-001	-1.419086e+000	1.740197e-002
1.732865579224016e-001	-1.420723e+000	1.774579e-002
1.747514016724016e-001	-1.421375e+000	1.788419e-002
1.762162454224016e-001	-1.421054e+000	1.781590e-002
1.776810891724016e-001	-1.419754e+000	1.754154e-002
1.791459329224016e-001	-1.417448e+000	1.706363e-002
1.806107766724016e-001	-1.414085e+000	1.638656e-002
1.820756204224016e-001	-1.409583e+000	1.551662e-002
1.835404641724016e-001	-1.403821e+000	1.446197e-002
1.850053079224016e-001	-1.396621e+000	1.323266e-002
1.864701516724016e-001	-1.387713e+000	1.184077e-002
1.879349954224016e-001	-1.376685e+000	1.030050e-002
1.893998391724016e-001	-1.362864e+000	8.628733e-003
1.908646829224016e-001	-1.345068e+000	6.846116e-003
1.912832097081159e-001	-1.339430e+000	6.316744e-003
1.917017364938302e-001	-1.332803e+000	5.784312e-003
1.921202632795445e-001	-1.325187e+000	5.248822e-003
1.925387900652588e-001	-1.316581e+000	4.710272e-003
1.929573168509730e-001	-1.306987e+000	4.168664e-003
1.933758436366873e-001	-1.296403e+000	3.623996e-003
1.937943704224016e-001	-1.284830e+000	3.076269e-003
1.942826516724016e-001	-1.267712e+000	2.448246e-003
1.947709329224016e-001	-1.245937e+000	1.835238e-003
1.952592141724016e-001	-1.216481e+000	1.253044e-003
1.957474954224016e-001	-1.173045e+000	7.338436e-004
1.962357766724016e-001	-1.108503e+000	3.145047e-004
1.965270841056070e-001	-1.052167e+000	1.506596e-004
1.968899465616739e-001	-9.624256e-001	4.186087e-005
1.970246478929233e-001	-9.249259e-001	2.176867e-005
1.971835588449910e-001	-8.778754e-001	1.151402e-005
1.973431613692506e-001	-8.296013e-001	5.881282e-006
1.975088492931823e-001	-7.788064e-001	2.965191e-006
1.977210478505581e-001	-7.132450e-001	1.195479e-006
1.978924705613389e-001	-6.600326e-001	5.451356e-007
1.981185631907581e-001	-5.896266e-001	1.986023e-007
1.983370135298814e-001	-5.214377e-001	6.547958e-008
1.987201513703748e-001	-4.015836e-001	-5.066243e-009
1.991207634911927e-001	-2.760434e-001	-2.610455e-008
1.994985543950844e-001	-1.574873e-001	-3.088718e-008
1.999868356450844e-001	-4.141480e-003	-3.373763e-008
2.004751168950844e-001	1.491978e-001	-3.636577e-008
2.009633981450844e-001	3.023963e-001	-4.113789e-008
2.014516793950844e-001	4.553595e-001	-6.373341e-008
2.017120061979741e-001	5.367412e-001	-1.345382e-007
2.019860400436256e-001	6.221842e-001	-4.168498e-007
2.022666393007776e-001	7.093399e-001	-1.417204e-006
2.025599969907631e-001	7.997274e-001	-4.948963e-006
2.028454028273478e-001	8.860909e-001	-1.503180e-005
2.030782885539105e-001	9.537554e-001	-3.625177e-005
2.032994408761619e-001	1.012899e+000	-8.093976e-005
2.035413265437292e-001	1.069016e+000	-1.715042e-004
2.037912284768325e-001	1.114663e+000	-3.251594e-004
2.042064217104643e-001	1.169002e+000	-6.844488e-004
2.046947029604643e-001	1.213116e+000	-1.200652e-003
2.051829842104643e-001	1.243550e+000	-1.778641e-003
2.056712654604643e-001	1.265888e+000	-2.389580e-003
2.071361092104643e-001	1.309676e+000	-4.286613e-003
2.079034083176072e-001	1.324250e+000	-5.292395e-003
2.086707074247500e-001	1.337328e+000	-6.272133e-003
2.094380065318929e-001	1.348909e+000	-7.225827e-003
2.102053056390357e-001	1.358994e+000	-8.153475e-003
2.109726047461786e-001	1.367583e+000	-9.055079e-003
2.117399038533215e-001	1.374675e+000	-9.930639e-003
2.125072029604643e-001	1.380271e+000	-1.078015e-002
2.139720467104643e-001	1.390603e+000	-1.227727e-002
2.154368904604643e-001	1.398959e+000	-1.362148e-002
2.169017342104643e-001	1.405702e+000	-1.479924e-002
2.183665779604643e-001	1.411068e+000	-1.579911e-002
2.198314217104643e-001	1.415216e+000	-1.661160e-002
2.212962654604643e-001	1.418253e+000	-1.722912e-002
2.227611092104643e-001	1.420251e+000	-1.764596e-002
2.242259529604643e-001	1.421253e+000	-1.785830e-002
2.256907967104643e-001	1.421281e+000	-1.786418e-002
2.271556404604643e-001	1.420334e+000	-1.766354e-002
2.286204842104643e-001	1.418394e+000	-1.725823e-002
2.300853279604643e-001	1.415417e+000	-1.665198e-002
2.315501717104643e-001	1.411335e+000	-1.585039e-002
2.330150154604643e-001	1.406043e+000	-1.486093e-002
2.344798592104643e-001	1.399383e+000	-1.369299e-002
2.359447029604643e-001	1.391126e+000	-1.235790e-002
2.374095467104643e-001	1.380920e+000	-1.086907e-002
2.388743904604643e-001	1.368202e+000	-9.242333e-003
2.403392342104643e-001	1.352019e+000	-7.496776e-003
2.418040779604643e-001	1.330567e+000	-5.656878e-003
2.432689217104643e-001	1.299836e+000	-3.759169e-003
2.437572029604643e-001	1.285993e+000	-3.124418e-003
2.442454842104643e-001	1.269153e+000	-2.495660e-003
2.447337654604643e-001	1.247813e+000	-1.881082e-003
2.452220467104643e-001	1.219105e+000	-1.295700e-003
2.457103279604643e-001	1.177075e+000	-7.699743e-004
2.461986092104643e-001	1.114726e+000	-3.401032e-004
2.464970694851665e-001	1.058545e+000	-1.647541e-004
2.468686368187530e-001	9.681001e-001	-4.628413e-005
2.470191055111890e-001	9.264883e-001	-2.249889e-005
2.471778521279645e-001	8.795621e-001	-1.189279e-005
2.473544882801993e-001	8.261192e-001	-5.726014e-006
2.475317567634586e-001	7.717426e-001	-2.725357e-006
2.477491005274549e-001	7.045466e-001	-1.063607e-006
2.479238392092445e-001	6.502773e-001	-4.730278e-007
2.481475300937836e-001	5.805932e-001	-1.726033e-007
2.483790217100942e-001	5.083033e-001	-5.395442e-008
2.488420049427153e-001	3.633960e-001	1.118350e-008
2.493282404663179e-001	2.109332e-001	2.885272e-008
2.498165217163179e-001	5.763312e-002	3.280087e-008
2.503048029663179e-001	-9.572121e-002	3.543427e-008
2.507930842163179e-001	-2.489854e-001	3.848763e-008
2.512813654663179e-001	-4.020612e-001	4.677153e-008
2.515420097122740e-001	-4.836344e-001	7.292539e-008
2.517848897106368e-001	-5.594986e-001	1.686377e-007
2.520283448442623e-001	-6.353660e-001	4.714848e-007
2.522864499950840e-001	-7.153974e-001	1.839599e-006
2.526938018158381e-001	-8.403338e-001	9.115119e-006
2.529673679834176e-001	-9.219229e-001	2.427322e-005
2.531961032345989e-001	-9.860461e-001	5.626434e-005
2.534243448821008e-001	-1.043252e+000	1.209945e-004
2.536632503005686e-001	-1.092983e+000	2.382203e-004
2.539658567224292e-001	-1.140195e+000	4.633965e-004
2.544541379724292e-001	-1.193533e+000	9.363833e-004
2.549119426848859e-001	-1.228164e+000	1.451260e-003
2.554002239348859e-001	-1.254243e+000	2.047646e-003
2.563767864348859e-001	-1.290044e+000	3.298259e-003
2.578416301848859e-001	-1.324224e+000	5.201351e-003
2.593064739348859e-001	-1.347412e+000	7.059323e-003
2.607713176848859e-001	-1.364655e+000	8.830229e-003
2.622361614348859e-001	-1.378101e+000	1.048761e-002
2.637010051848859e-001	-1.388853e+000	1.201135e-002
2.651658489348859e-001	-1.397544e+000	1.338494e-002
2.666306926848859e-001	-1.404564e+000	1.459442e-002
2.680955364348859e-001	-1.410171e+000	1.562797e-002
2.695603801848859e-001	-1.414535e+000	1.647576e-002
2.710252239348859e-001	-1.417771e+000	1.712985e-002
2.724900676848859e-001	-1.419957e+000	1.758417e-002
2.739549114348859e-001	-1.421142e+000	1.783454e-002
2.754197551848859e-001	-1.421349e+000	1.787868e-002
2.768845989348859e-001	-1.420583e+000	1.771618e-002
2.783494426848859e-001	-1.418829e+000	1.734852e-002
2.798142864348859e-001	-1.416049e+000	1.677908e-002
2.812791301848859e-001	-1.412178e+000	1.601312e-002
2.827439739348859e-001	-1.407119e+000	1.505777e-002
2.842088176848859e-001	-1.400728e+000	1.392207e-002
2.856736614348859e-001	-1.392789e+000	1.261696e-002
2.871385051848859e-001	-1.382977e+000	1.115546e-002
2.886033489348859e-001	-1.370781e+000	9.552911e-003
2.900681926848859e-001	-1.355340e+000	7.827702e-003
2.915330364348859e-001	-1.335067e+000	6.003024e-003
2.929978801848859e-001	-1.306561e+000	4.112186e-003
2.939744426848859e-001	-1.278940e+000	2.843552e-003
2.944627239348859e-001	-1.260341e+000	2.219808e-003
2.949510051848859e-001	-1.236204e+000	1.615728e-003
2.954392864348859e-001	-1.202587e+000	1.051711e-003
2.959275676848859e-001	-1.153018e+000	5.610803e-004
2.963233063820699e-001	-1.093596e+000	2.554627e-004
2.966166115303113e-001	-1.031778e+000	1.152665e-004
2.969563624389113e-001	-9.439420e-001	3.192936e-005
2.970837411929690e-001	-9.076163e-001	1.708092e-005
2.972522282288083e-001	-8.571824e-001	8.745557e-006
2.974225949506427e-001	-8.053077e-001	4.247135e-006
2.975991686604518e-001	-7.509622e-001	1.996381e-006
2.977881426036396e-001	-6.924409e-001	8.759874e-007
2.979798861466788e-001	-6.328357e-001	3.691624e-007
2.981909926352123e-001	-5.670326e-001	1.398971e-007
2.984735453102727e-001	-4.787475e-001	3.191540e-008
2.989518105186538e-001	-3.289885e-001	-1.808128e-008
2.994397956260958e-001	-1.759217e-001	-3.012498e-008
2.999280768760958e-001	-2.259661e-002	-3.342015e-008
3.004163581260958e-001	1.307499e-001	-3.604050e-008
3.009046393760958e-001	2.839730e-001	-3.992140e-008
3.013929206260958e-001	4.369695e-001	-5.847471e-008
3.016882447944387e-001	5.293171e-001	-1.254425e-007
3.019581414018517e-001	6.135018e-001	-3.611578e-007
3.022237930116912e-001	6.960716e-001	-1.151161e-006
3.025093149728332e-001	7.841814e-001	-4.071162e-006
3.028109239903765e-001	8.757781e-001	-1.326963e-005
3.030496300208357e-001	9.456490e-001	-3.259461e-005
3.032710996764049e-001	1.005624e+000	-7.373618e-005
3.035170318502014e-001	1.063854e+000	-1.600956e-004
3.037595366743890e-001	1.109678e+000	-3.017720e-004
3.041400527041306e-001	1.161754e+000	-6.201293e-004
3.046283339541306e-001	1.208093e+000	-1.126005e-003
3.051090491399971e-001	1.239612e+000	-1.688265e-003
3.055973303899971e-001	1.262873e+000	-2.295743e-003
3.070621741399971e-001	1.307973e+000	-4.190380e-003
3.078294732471399e-001	1.322826e+000	-5.197323e-003
3.085967723542828e-001	1.336143e+000	-6.178638e-003
3.093640714614256e-001	1.347924e+000	-7.134327e-003
3.101313705685685e-001	1.358169e+000	-8.064388e-003
3.108986696757114e-001	1.366878e+000	-8.968823e-003
3.116659687828542e-001	1.374051e+000	-9.847631e-003
3.124332678899971e-001	1.379688e+000	-1.070081e-002
3.138981116399971e-001	1.390132e+000	-1.220525e-002
3.153629553899971e-001	1.398579e+000	-1.355752e-002
3.168277991399971e-001	1.405397e+000	-1.474397e-002
3.182926428899971e-001	1.410828e+000	-1.575306e-002
3.197574866399971e-001	1.415034e+000	-1.657521e-002
3.212223303899971e-001	1.418125e+000	-1.720272e-002
3.226871741399971e-001	1.420174e+000	-1.762980e-002
3.241520178899971e-001	1.421226e+000	-1.785252e-002
3.256168616399971e-001	1.421303e+000	-1.786883e-002
3.270817053899971e-001	1.420406e+000	-1.767860e-002
3.285465491399971e-001	1.418516e+000	-1.728355e-002
3.300113928899971e-001	1.415593e+000	-1.668732e-002
3.314762366399971e-001	1.411569e+000	-1.589542e-002
3.329410803899971e-001	1.406341e+000	-1.491523e-002
3.344059241399971e-001	1.399755e+000	-1.375605e-002
3.358707678899971e-001	1.391586e+000	-1.242910e-002
3.373356116399971e-001	1.381489e+000	-1.094767e-002
3.388004553899971e-001	1.368917e+000	-9.327464e-003
3.402652991399971e-001	1.352942e+000	-7.587377e-003
3.417301428899971e-001	1.331823e+000	-5.751516e-003
3.431949866399971e-001	1.301730e+000	-3.855466e-003
3.436832678899971e-001	1.288255e+000	-3.220296e-003
3.441715491399971e-001	1.271945e+000	-2.590209e-003
3.446598303899971e-001	1.251423e+000	-1.972753e-003
3.451481116399971e-001	1.224108e+000	-1.381519e-003
3.456363928899971e-001	1.184678e+000	-8.438021e-004
3.461246741399971e-001	1.126353e+000	-3.946750e-004
3.464421270748699e-001	1.070258e+000	-1.903733e-004
3.467877523390974e-001	9.896330e-001	-6.309465e-005
3.469832343370204e-001	9.367045e-001	-2.673499e-005
3.471385626617829e-001	8.912882e-001	-1.399502e-005
3.473196667226095e-001	8.367112e-001	-6.691387e-006
3.475020874233034e-001	7.808808e-001	-3.081253e-006
3.476980508817167e-001	7.203755e-001	-1.301931e-006
3.478696339169585e-001	6.671315e-001	-6.045018e-007
3.480929172189712e-001	5.976217e-001	-2.241381e-007
3.483085034382500e-001	5.303407e-001	-7.812481e-008
3.487050300730762e-001	4.063024e-001	7.803000e-010
3.491933113230762e-001	2.532659e-001	2.650912e-008
3.496815925730762e-001	1.000068e-001	3.199198e-008
3.501698738230762e-001	-5.334692e-002	3.471275e-008
3.506581550730762e-001	-2.066505e-001	3.745000e-008
3.511464363230762e-001	-3.597945e-001	4.244480e-008
3.514464481354901e-001	-4.537451e-001	5.872644e-008
3.516945983982578e-001	-5.313152e-001	1.175881e-007
3.519235772702511e-001	-6.027457e-001	2.970320e-007
3.521743218143700e-001	-6.807355e-001	8.976875e-007
3.524432554433250e-001	-7.638604e-001	3.162743e-006
3.527711419715219e-001	-8.638124e-001	1.153596e-005
3.530167854582015e-001	-9.362657e-001	2.884734e-005
3.532396824376295e-001	-9.974061e-001	6.649944e-005
3.534917881934142e-001	-1.058352e+000	1.489125e-004
3.537274389068146e-001	-1.104390e+000	2.792372e-004
3.540797272740379e-001	-1.154712e+000	5.638229e-004
3.545680085240379e-001	-1.203325e+000	1.059082e-003
3.550358193844752e-001	-1.235555e+000	1.599387e-003
3.555241006344752e-001	-1.259773e+000	2.203192e-003
3.565006631344752e-001	-1.293611e+000	3.459261e-003
3.579655068844752e-001	-1.326505e+000	5.360984e-003
3.594303506344752e-001	-1.349059e+000	7.212885e-003
3.608951943844752e-001	-1.365919e+000	8.975093e-003
3.623600381344752e-001	-1.379104e+000	1.062189e-002
3.638248818844752e-001	-1.389661e+000	1.213353e-002
3.652897256344752e-001	-1.398198e+000	1.349375e-002
3.667545693844752e-001	-1.405090e+000	1.468878e-002
3.682194131344752e-001	-1.410586e+000	1.570698e-002
3.696842568844752e-001	-1.414851e+000	1.653867e-002
3.711491006344752e-001	-1.417996e+000	1.717607e-002
3.726139443844752e-001	-1.420096e+000	1.761328e-002
3.740787881344752e-001	-1.421197e+000	1.784628e-002
3.755436318844752e-001	-1.421322e+000	1.787293e-002
3.770084756344752e-001	-1.420474e+000	1.769299e-002
3.784733193844752e-001	-1.418635e+000	1.730811e-002
3.799381631344752e-001	-1.415765e+000	1.672182e-002
3.814030068844752e-001	-1.411798e+000	1.593954e-002
3.828678506344752e-001	-1.406633e+000	1.496857e-002
3.843326943844752e-001	-1.400120e+000	1.381809e-002
3.857975381344752e-001	-1.392037e+000	1.249922e-002
3.872623818844752e-001	-1.382047e+000	1.102516e-002
3.887272256344752e-001	-1.369616e+000	9.411479e-003
3.901920693844752e-001	-1.353843e+000	7.676871e-003
3.916569131344752e-001	-1.333045e+000	5.845095e-003
3.931217568844752e-001	-1.303561e+000	3.950851e-003
3.940983193844752e-001	-1.274616e+000	2.684132e-003
3.945866006344752e-001	-1.254851e+000	2.064119e-003
3.950748818844752e-001	-1.228801e+000	1.467679e-003
3.955631631344752e-001	-1.191708e+000	9.192899e-004
3.960514443844752e-001	-1.136950e+000	4.531736e-004
3.963934598766832e-001	-1.080301e+000	2.146783e-004
3.967074076325516e-001	-1.010097e+000	8.428367e-005
3.969631886535434e-001	-9.422222e-001	3.002756e-005
3.971124248899901e-001	-8.990638e-001	1.551036e-005
3.972928745822022e-001	-8.448359e-001	7.542267e-006
3.974866476592893e-001	-7.856266e-001	3.305432e-006
3.976687798847818e-001	-7.294433e-001	1.462299e-006
3.978409829829911e-001	-6.760332e-001	6.898664e-007
3.980658432987187e-001	-6.060596e-001	2.550568e-007
3.982742669187315e-001	-5.410354e-001	9.240529e-008
3.986391032388886e-001	-4.269460e-001	5.824019e-009
3.991089069546772e-001	-2.797409e-001	-2.466811e-008
3.995971882046772e-001	-1.265101e-001	-3.142189e-008
4.000854694546772e-001	2.683772e-002	-3.426406e-008
4.005737507046772e-001	1.801603e-001	-3.693079e-008
4.010620319546772e-001	3.333293e-001	-4.200555e-008
4.014591026546585e-001	4.576935e-001	-6.227544e-008
4.017059772936321e-001	5.348642e-001	-1.268567e-007
4.019611586867086e-001	6.144439e-001	-3.633322e-007
4.022295123085373e-001	6.978455e-001	-1.177348e-006
4.025123718727013e-001	7.851224e-001	-4.111904e-006
4.028133846833853e-001	8.765169e-001	-1.338222e-005
4.030511001565117e-001	9.460692e-001	-3.276179e-005
4.032725642251790e-001	1.006004e+000	-7.409210e-005
4.035182173986111e-001	1.064110e+000	-1.606338e-004
4.037610374272866e-001	1.109919e+000	-3.028561e-004
4.041431227005953e-001	1.162099e+000	-6.230553e-004
4.046314039505953e-001	1.208329e+000	-1.129441e-003
4.051128545339078e-001	1.239817e+000	-1.692905e-003
4.056011357839078e-001	1.263031e+000	-2.300563e-003
4.070659795339078e-001	1.308061e+000	-4.195334e-003
4.078332786410506e-001	1.322900e+000	-5.202218e-003
4.086005777481935e-001	1.336204e+000	-6.183454e-003
4.093678768553363e-001	1.347975e+000	-7.139042e-003
4.101351759624792e-001	1.358211e+000	-8.068980e-003
4.109024750696221e-001	1.366914e+000	-8.973270e-003
4.116697741767649e-001	1.374083e+000	-9.851912e-003
4.124370732839078e-001	1.379718e+000	-1.070490e-002
4.139019170339078e-001	1.390157e+000	-1.220897e-002
4.153667607839078e-001	1.398598e+000	-1.356082e-002
4.168316045339078e-001	1.405412e+000	-1.474683e-002
4.182964482839078e-001	1.410840e+000	-1.575544e-002
4.197612920339078e-001	1.415043e+000	-1.657709e-002
4.212261357839078e-001	1.418132e+000	-1.720409e-002
4.226909795339078e-001	1.420178e+000	-1.763065e-002
4.241558232839078e-001	1.421227e+000	-1.785283e-002
4.256206670339078e-001	1.421302e+000	-1.786861e-002
4.270855107839078e-001	1.420402e+000	-1.767783e-002
4.285503545339078e-001	1.418510e+000	-1.728226e-002
4.300151982839078e-001	1.415584e+000	-1.668551e-002
4.314800420339078e-001	1.411557e+000	-1.589311e-002
4.329448857839078e-001	1.406326e+000	-1.491245e-002
4.344097295339078e-001	1.399736e+000	-1.375282e-002
4.358745732839078e-001	1.391563e+000	-1.242544e-002
4.373394170339078e-001	1.381460e+000	-1.094363e-002
4.388042607839078e-001	1.368880e+000	-9.323088e-003
4.402691045339078e-001	1.352894e+000	-7.582720e-003
4.417339482839078e-001	1.331759e+000	-5.746649e-003
4.431987920339078e-001	1.301634e+000	-3.850509e-003
4.436870732839078e-001	1.288140e+000	-3.215358e-003
4.441753545339078e-001	1.271803e+000	-2.585336e-003
4.446636357839078e-001	1.251241e+000	-1.968020e-003
4.451519170339078e-001	1.223858e+000	-1.377073e-003
4.456401982839078e-001	1.184300e+000	-8.399417e-004
4.461284795339078e-001	1.125778e+000	-3.917530e-004
4.464448129880423e-001	1.069683e+000	-1.891352e-004
4.467928590405176e-001	9.882895e-001	-6.195581e-005
4.469856001523340e-001	9.360338e-001	-2.644051e-005
4.471412385824353e-001	8.904594e-001	-1.398806e-005
4.473448957205912e-001	8.289958e-001	-6.172453e-006
4.475345018088272e-001	7.708911e-001	-2.718093e-006
4.477437258994879e-001	7.062162e-001	-1.078987e-006
4.479173946795845e-001	6.522824e-001	-4.862022e-007
4.481391498912665e-001	5.832067e-001	-1.797432e-007
4.483716113832044e-001	5.106193e-001	-5.654858e-008
4.488245896273183e-001	3.688550e-001	1.036800e-008
4.492976152008096e-001	2.205449e-001	2.850732e-008
4.497858964508096e-001	6.725128e-002	3.262480e-008
4.502741777008096e-001	-8.610389e-002	3.526964e-008
4.507624589508096e-001	-2.393779e-001	3.821229e-008
4.512507402008096e-001	-3.924708e-001	4.540237e-008
4.515172587203071e-001	-4.758947e-001	6.867322e-008
4.517645461191169e-001	-5.531513e-001	1.540534e-007
4.519976915707816e-001	-6.258206e-001	4.250640e-007
4.522800433131397e-001	-7.134508e-001	1.643801e-006
4.526261613895694e-001	-8.198898e-001	6.641522e-006
4.528995050408541e-001	-9.021190e-001	1.850666e-005
4.531282793512609e-001	-9.676717e-001	4.370697e-005
4.533505100077056e-001	-1.025653e+000	9.564147e-005
4.535890044256701e-001	-1.078768e+000	1.957441e-004
4.538558179285286e-001	-1.124296e+000	3.753622e-004
4.543440991785286e-001	-1.182798e+000	8.237351e-004
4.548237242137856e-001	-1.222295e+000	1.348413e-003
4.553120054637856e-001	-1.250065e+000	1.937767e-003
4.558002867137856e-001	-1.270892e+000	2.554162e-003
4.567768492137856e-001	-1.301013e+000	3.818785e-003
4.574743938566428e-001	-1.315854e+000	4.736431e-003
4.581719384994999e-001	-1.329183e+000	5.635408e-003
4.588694831423571e-001	-1.341003e+000	6.515717e-003
4.595670277852142e-001	-1.351312e+000	7.377356e-003
4.602645724280713e-001	-1.360111e+000	8.220327e-003
4.609621170709285e-001	-1.367400e+000	9.044629e-003
4.616596617137856e-001	-1.373178e+000	9.850262e-003
4.631245054637856e-001	-1.384896e+000	1.142874e-002
4.645893492137856e-001	-1.394341e+000	1.286321e-002
4.660541929637856e-001	-1.401982e+000	1.413880e-002
4.675190367137856e-001	-1.408121e+000	1.524287e-002
4.689838804637856e-001	-1.412957e+000	1.616483e-002
4.704487242137856e-001	-1.416626e+000	1.689597e-002
4.719135679637856e-001	-1.419219e+000	1.742951e-002
4.733784117137856e-001	-1.420793e+000	1.776053e-002
4.748432554637856e-001	-1.421383e+000	1.788599e-002
4.763080992137856e-001	-1.421001e+000	1.780474e-002
4.777729429637856e-001	-1.419640e+000	1.751752e-002
4.792377867137856e-001	-1.417269e+000	1.702697e-002
4.807026304637856e-001	-1.413837e+000	1.633760e-002
4.821674742137856e-001	-1.409260e+000	1.545582e-002
4.836323179637856e-001	-1.403414e+000	1.438990e-002
4.850971617137856e-001	-1.396115e+000	1.315003e-002
4.865620054637856e-001	-1.387089e+000	1.174838e-002
4.880268492137856e-001	-1.375910e+000	1.019934e-002
4.894916929637856e-001	-1.361882e+000	8.519968e-003
4.909565367137856e-001	-1.343776e+000	6.731218e-003
4.913750634994999e-001	-1.338052e+000	6.200267e-003
4.917935902852142e-001	-1.331288e+000	5.666596e-003
4.922121170709285e-001	-1.323485e+000	5.130204e-003
4.926306438566428e-001	-1.314643e+000	4.591092e-003
4.930491706423571e-001	-1.304762e+000	4.049260e-003
4.934676974280713e-001	-1.293841e+000	3.504708e-003
4.938862242137856e-001	-1.281881e+000	2.957435e-003
4.943745054637856e-001	-1.264036e+000	2.331439e-003
4.948627867137856e-001	-1.241112e+000	1.722694e-003
4.953510679637856e-001	-1.209652e+000	1.149169e-003
4.958393492137856e-001	-1.162441e+000	6.476223e-004
4.963276304637856e-001	-1.091764e+000	2.578572e-004
4.966179571486428e-001	-1.031498e+000	1.146085e-004
4.969583255006691e-001	-9.434077e-001	3.157878e-005
4.970823777200197e-001	-9.080278e-001	1.713188e-005
4.972502559874119e-001	-8.577554e-001	8.917941e-006
4.974427208660612e-001	-7.991133e-001	3.995872e-006
4.976264597922596e-001	-7.425269e-001	1.782585e-006
4.978141107909332e-001	-6.843793e-001	7.808784e-007
4.980114793561214e-001	-6.229984e-001	3.203855e-007
4.982237498452725e-001	-5.568087e-001	1.194177e-007
4.985304306944609e-001	-4.609535e-001	2.106091e-008
4.990187119444609e-001	-3.080191e-001	-2.115656e-008
4.994917730911324e-001	-1.596072e-001	-3.064323e-008
4.999800543411324e-001	-6.272321e-003	-3.370323e-008
5.000000000000000e-001	-6.864218e-006	-3.432109e-008
